0.266395 -1.47729 -0.519836 -1.45384 2.35296 -0.430287 0.128616 2.46337 -0.368083 1.45073 -0.826042 1.85817 -1.10518 0.132781 2.02882 
1.18175 0.107397 -0.0375776 0.32612 2.75875 -0.273179 1.5657 1.47823 -0.0949993 0.90616 -1.21884 1.31207 1.1975 -1.20835 0.708561 
1.05476 -0.366918 0.543981 -0.529485 1.00513 1.44309 -0.00373638 -0.88563 -1.35786 -0.575489 -0.415776 0.932862 -0.00452279 -1.81226 1.52867 
-0.573012 1.08003 1.25207 1.35283 -1.23252 1.36063 1.29405 -0.567579 -1.08485 -0.0180121 -1.81793 -2.65208 -0.00182127 -0.797598 1.10609 
-1.81002 -0.00738953 0.357954 -2.49813 -0.526678 0.516319 0.137026 -1.14496 -1.59415 -1.30276 -1.80373 -1.69834 -1.42387 -0.19354 -1.30943 
0.309208 0.886451 -1.00562 0.201895 -1.22741 -0.661874 1.19744 1.30016 0.290705 -1.23567 1.73474 -0.589448 0.266059 0.355096 -0.842588 
0.248846 -0.145228 0.237515 -0.173537 0.468902 0.569666 0.642321 0.159339 -0.754475 0.660145 -0.428318 0.206997 0.426434 0.664725 0.931394 
-0.0291035 0.0544729 0.606046 0.81652 0.19256 0.579779 -0.204309 -0.111681 0.119377 0.358105 0.393151 0.143359 0.0961699 0.289066 -0.760486 
0.829542 -0.227628 -0.110683 -0.804198 0.891648 -0.870699 -0.913604 -0.557462 -0.37104 0.767202 0.914767 0.335514 -0.666793 -0.136045 -0.504821 
-0.530771 0.403666 0.241552 0.169154 0.10007 0.420139 -0.359558 0.859619 -0.995749 0.450184 -0.525388 0.0460045 0.13048 -0.922293 0.367846 
0.760273 0.0906477 0.350055 0.861884 -0.379342 -0.490891 -0.884827 -0.540738 -0.64242 -0.202886 -0.40467 0.0470099 -0.0963199 -0.596077 -0.314622 
0.071404 -0.939495 0.228688 0.297895 0.14229 0.0886126 0.467053 0.380567 -0.556844 0.0303421 -0.322498 0.897977 0.159465 -0.280346 0.861287 
-0.384312 0.882417 -0.349723 -0.0555673 -0.0425279 0.826909 -0.671599 -0.861712 0.742244 -0.555439 -0.606401 0.809663 0.206569 0.777443 -0.291911 
0.133788 -0.513924 -0.82957 0.440939 -0.694217 -0.251842 -0.610276 0.87417 0.527007 -0.805319 -0.778017 0.0972786 0.986981 0.464802 -0.762609 
0.947146 -0.507298 0.210595 -0.776914 -0.0578349 -0.405584 0.463861 0.428478 -0.442682 0.393739 0.924309 -0.583821 0.41221 -0.533239 -0.798485 
0.703091 -0.853126 0.647094 0.778999 0.697239 0.737861 -0.794478 0.612325 -0.852224 -0.380909 -0.577337 0.871771 0.895246 -0.958987 0.118758 
0.691716 -0.844543 0.0284674 -0.189372 -0.0378003 -0.335798 0.203235 0.282344 -0.99861 0.805081 -0.614777 -0.291636 -0.448551 0.302285 0.919987 
-0.823588 -0.466907 0.255896 0.56409 0.936697 -0.870068 -0.410732 -0.688136 0.92687 0.0472343 -0.47744 0.942428 0.447883 -0.481733 -0.282646 
0.543886 0.000976562 0.328636 0.599567 0.886824 0.930474 -0.176093 -0.640096 0.910684 -0.696558 -0.863134 0.35029 0.496135 -0.148142 -0.377807 
-0.832556 -0.706963 -0.818537 0.356075 0.162482 0.814848 0.126548 0.49058 0.72399 0.426196 0.424247 0.578959 -0.46268 0.949211 -0.21637 
-0.590728 0.347182 -0.31657 0.366693 -0.182876 -0.023062 -0.821625 -0.664422 0.672429 -0.607206 -0.102236 -0.812473 -0.549101 -0.87483 0.312968 
-0.951424 -0.159535 -0.129319 0.235371 -0.454678 -0.283034 -0.942672 0.663975 -0.855433 0.597049 -0.493896 0.858478 -0.636988 0.36474 0.710823 
-0.432097 0.531645 0.868502 -0.241125 0.881426 -0.331621 -0.307918 -0.846716 -0.505239 -0.87819 -0.478877 -0.726987 0.83341 0.0701444 0.710084 
0.318238 -0.447754 -0.415168 -0.266816 -0.972539 -0.124649 -0.152992 -0.585952 0.646089 0.0401843 -0.301033 0.24552 0.716591 -0.923957 0.377598 
0.898492 -0.220946 -0.457226 -0.448651 -0.229865 0.782902 0.195844 -0.984149 -0.197781 0.694721 -0.92435 0.863506 -0.933445 -0.735069 0.189558 
0.951198 0.00592732 -0.892698 0.396362 0.782061 0.146357 -0.929766 -0.206476 0.293535 0.439971 -0.0856228 0.557253 -0.481394 0.372377 -0.558356 
0.409105 -0.633687 -0.916414 -0.563009 0.458878 -0.257456 0.0295846 -0.856886 0.871906 0.0726192 0.71997 0.0754664 -0.507884 0.570902 0.247513 
-0.293273 -0.689699 0.222106 0.00661325 -0.418501 0.133325 -0.212178 0.734948 -0.173528 0.639046 -0.484224 -0.273922 0.517244 -0.72565 -0.937432 
0.974806 -0.376717 -0.106032 0.150205 -0.0316432 0.411679 0.118191 -0.406528 0.732661 -0.694723 0.542561 -0.664804 0.268905 0.909361 0.00525641 
-0.741652 0.891904 0.778938 0.73276 0.553704 0.100494 0.360933 -0.411182 0.354022 -0.24273 -0.258253 -0.232515 -0.644731 -0.548675 -0.406895 
0.546 -0.836652 -0.308018 0.247052 0.976665 -0.5625 0.391161 0.497745 -0.627529 0.877536 -0.905437 0.341547 0.0524395 0.423845 0.517895 
-0.342062 0.5219 0.356853 0.851316 -0.29484 -0.90303 -0.61732 -0.974075 0.948738 0.136039 -0.596867 0.0412877 -0.500554 0.529767 -0.663835 
0.233997 -0.772964 -0.87483 0.562237 0.316721 -0.663984 0.11854 0.740741 -0.872068 0.839036 -0.651953 0.357072 0.772951 0.482147 -0.018841 
-0.427006 0.167576 0.773315 -0.0168927 0.693889 -0.230632 0.894125 0.746635 -0.29341 -0.585831 0.363122 0.54314 0.428131 0.757672 -0.707585 
0.647885 0.590397 0.534125 0.932547 -0.983331 -0.217279 0.351778 -0.692924 0.779333 0.352866 0.451543 -0.240786 -0.506314 -0.103314 -0.961296 
-0.874717 0.778986 -0.177353 -0.196973 -0.868607 -0.343853 0.869948 0.48835 0.841273 -0.830693 0.41362 0.998031 0.0331421 -0.179707 0.830439 
-0.43289 0.961632 -0.0723782 -0.423931 0.453306 -0.19978 -0.929153 -0.292101 -0.0163737 0.415486 -1.17881 -0.238965 0.814017 -0.242375 -0.204296 
1.67078 0.291154 1.18203 0.926844 -0.181995 -0.794349 0.0896893 -2.11404 -0.514529 0.115036 1.58874 1.43019 1.36452 -0.422205 0.624341 
-0.0916362 0.532536 -0.849186 0.267285 1.02808 -0.212931 -0.491621 -0.407422 0.190297 1.39662 -0.875719 0.358927 -0.637455 -0.58541 1.6541 
0.162386 0.301481 1.38565 -1.73654 0.694886 0.418731 0.813883 0.875474 -0.834682 -0.156725 0.18244 0.0756078 0.352741 -0.608039 1.06479 
-1.29772 -1.57488 0.0279464 -2.26018 -0.199703 -1.0495 0.932337 -0.426783 0.115718 1.4495 1.01855 -0.218865 -1.25294 -0.11194 0.0574706 
-0.64018 0.506671 1.31984 0.360285 0.616289 -1.30131 0.10097 -0.201737 -0.698828 2.25233 2.46765 0.800811 0.152412 -0.802354 -0.755473 
2.04881 -0.0939016 -0.111695 -0.648838 -0.696337 1.15833 -0.169187 -0.913918 -1.66748 1.32964 -0.419337 0.277775 -0.846402 0.882788 0.0149477 
0.515929 1.21674 1.39086 1.44522 -1.38053 -0.318339 0.17288 0.110816 -0.0100101 0.0958219 0.322545 -0.566265 -0.354956 -0.902096 -0.216485 
1.38323 -0.638281 -0.745339 -0.184186 -1.05905 -0.888857 -0.429748 0.468935 -0.0482539 0.242124 0.256547 -0.17037 0.879396 0.419132 1.09919 
0.425559 -2.35079 -0.467643 0.689553 0.140629 -0.160311 1.01725 0.643219 -1.05586 -0.423758 -0.960854 -0.163883 0.0622981 -2.75562 0.281901 
0.164104 0.000374801 1.26543 -0.349611 1.60959 -0.0431563 -1.58039 1.52554 -2.40903 2.22043 -2.58344 -0.787473 0.328281 -0.581127 0.170212 
2.37966 1.38325 -0.288561 -1.50443 -1.82285 -1.16549 -0.719944 -0.40033 -0.889129 2.10413 0.0311151 1.08534 1.07034 -0.455121 0.166062 
1.73859 1.5267 1.44134 -0.21528 0.810892 -0.221457 -2.81954 0.328626 -2.65679 0.364327 -1.67035 0.554669 0.458518 -1.17696 -0.829185 
0.248301 1.06344 -0.619305 -1.14427 4.29242 0.645044 0.318453 -1.43767 0.351632 1.92645 -1.02789 -0.487491 0.44293 -0.00528212 0.327977 
0.15975 -0.0278106 1.29523 1.10317 1.0777 -0.856204 0.324128 2.49532 0.515617 2.45134 1.08184 1.40121 2.01416 -0.0487848 -1.25457 
2.4888 -0.0292406 0.404118 0.0309611 1.93541 -0.0617199 1.84818 1.01844 -1.40045 3.66253 0.740947 1.06067 0.397526 -0.458297 0.0191032 
0.860772 0.010725 0.00821233 -0.139757 0.293201 0.195958 0.920779 0.858521 -0.990359 -0.877021 0.555464 -0.427593 0.905677 0.960531 0.637477 
0.430442 -1.35222 -0.713695 -0.0752146 -0.711908 -0.663781 1.2057 2.1406 1.09735 2.09393 -2.66188 -0.233152 0.578585 0.0921069 -2.92168 
-0.0497015 -0.067568 1.4863 0.635169 0.111314 -0.873504 -1.85578 -0.0388559 0.451355 -1.02592 -1.896 -0.491951 -0.194215 -0.136097 0.434238 
0.0679159 0.838787 -1.54981 0.966626 3.57924 1.08288 -0.0258915 0.350468 -1.07624 0.884628 -0.9941 1.56963 2.23181 -0.652001 0.0379417 
-1.57118 -1.24519 -1.19831 -0.507883 0.490242 0.339012 -0.736733 0.616102 1.65759 -0.00347435 -2.39208 1.15239 -0.487441 -3.00175 1.8256 
1.69869 1.15429 0.174927 0.957635 0.985307 -1.50869 0.822423 -0.276086 2.53965 0.29054 -0.433715 0.57417 0.16551 0.348638 1.42172 
1.10292 -1.69378 -1.05193 0.0411491 -1.30694 -1.64992 -1.93847 1.27962 -2.8491 -1.11579 2.81341 -0.615708 0.523905 0.0252045 0.0311908 
1.37981 -2.01119 2.01552 -0.0718653 0.289956 -0.223931 -0.102105 1.93414 -0.0107236 0.671278 -1.59332 -1.41226 0.943854 -0.283452 0.922786 
-0.390422 -2.04144 0.805875 -2.7392 1.53665 -2.0309 0.190782 0.113347 -2.5128 -0.00862026 -1.25986 -1.54383 1.36147 -0.686262 1.61873 
-1.26171 1.38607 1.24085 -0.0686554 -0.0411036 0.9474 1.07513 1.55215 -1.36814 1.56221 -2.15796 -0.360177 -0.594425 0.343403 0.594058 
2.45992 -1.25916 0.919489 0.487403 0.0230449 0.790021 0.796807 1.38876 -2.15315 1.17281 -2.29142 -1.87007 0.0129073 -1.10774 -0.491279 
0.723943 -0.291549 -0.54703 -0.687959 -0.3167 -0.793602 0.318727 0.349578 -0.861681 -0.0344567 -0.376297 0.257752 0.142914 0.517654 -0.499773 
0.987613 0.532141 -0.787123 0.0428089 -1.36291 1.59976 -0.459656 0.705825 1.88594 -1.03297 0.709482 1.11892 -0.780374 1.28859 1.26979 
0.619451 0.286952 -0.96517 0.0176816 -0.72414 -0.342039 -0.450015 -0.513002 -0.834547 0.88288 0.690655 -0.0373902 0.455296 -0.867002 0.441489 
-0.843477 -0.583369 -0.132947 -0.446945 -0.125355 -0.383627 0.521291 -0.435879 0.219215 -0.307785 0.743309 -0.231489 0.24786 -0.121565 0.6515 
